MWL 2 1 35 1 1234 0 MWL1201
WYS 1 2 18 1 1234 0 WYS2101
FMY 3 3 42 1 1234 0 FMY3301
LYX 2 4 55 1 1234 0 LYX4201
MLY 1 3 26 1 2345 0 MLY3102
HZY 3 2 37 1 6789 0 HZY2302
SXY 2 1 14 1 9876 0 SXY1202
LXL 1 4 46 1 4567 0 LXL4102
CXY 3 3 29 1 8901 0 CXY3303
WJH 2 2 52 1 1234 0 WJH2203
SXY 1 1 33 1 5432 0 SXY1103
ZYL 3 4 22 1 7654 0 ZYL4303
FHL 2 3 49 1 3456 0 FHL3204
MHL 1 2 17 1 6543 0 MHL2104
HXY 3 1 38 1 9012 0 HXY1304
TYY 2 4 53 1 2345 0 TYY4204
LYF 1 3 28 1 8765 0 LYF3105
CYL 3 2 36 1 4321 0 CYL2305
WYY 2 1 41 1 7890 0 WYY1205
ZXF 1 4 11 1 5678 0 ZXF4105
LJF 3 3 30 1 6789 0 LJF3306
ZTY 2 2 19 1 9876 0 ZTY2206
WBH 1 1 44 1 3456 0 WBH1106
FHY 3 4 58 1 7890 0 FHY4306
MXY 2 3 27 1 2345 0 MXY3207
HZL 1 2 39 1 6789 0 HZL2107
SXF 3 1 16 1 9876 0 SXF1307
LYL 2 4 47 1 4567 0 LYL4207
CXF 1 3 31 1 8901 0 CXF3108
WZY 3 2 54 1 1234 0 WZY2308
SXL 2 1 34 1 5432 0 SXL1208
ZHL 1 4 23 1 7654 0 ZHL4108
FYL 3 3 50 1 3456 0 FYL3309
MHL 2 2 18 1 6543 0 MHL2209
HXY 1 1 39 1 9012 0 HXY1109
TZY 3 4 54 1 2345 0 TZY4309
LYF 2 3 29 1 8765 0 LYF3210
CYL 1 2 37 1 4321 0 CYL2110
WYY 3 1 42 1 7890 0 WYY1310
ZXF 2 4 12 1 5678 0 ZXF4210
ZJM 1 2 28 1 8345 0 ZJM2111
LYX 3 3 44 1 2765 0 LYX3311
WYT 2 1 15 1 6432 0 WYT1211
FHY 1 4 57 1 9123 0 FHY4111
MXY 3 2 31 1 4567 0 MXY2312
HZL 2 3 24 1 7890 0 HZL3212
SXF 1 1 39 1 3456 0 SXF1112
LXL 3 4 48 1 5678 0 LXL4312
CXY 2 2 20 1 8901 0 CXY2213
WJH 1 3 35 1 1234 0 WJH3113
SXY 3 1 40 1 7654 0 SXY1313
ZYL 2 4 52 1 3456 0 ZYL4213
FHL 1 2 18 1 6543 0 FHL2114
MHL 3 3 29 1 9012 0 MHL3314
HXY 2 1 46 1 2345 0 HXY1214
TYL 1 4 32 1 8765 0 TYL4114
LYF 3 2 37 1 4321 0 LYF2315
CYL 2 3 41 1 7890 0 CYL3215
WYY 1 1 22 1 5678 0 WYY1115
ZXF 3 4 50 1 6789 0 ZXF4315
